167 3250
1	2	1	1262454010
1	3	1	1262454010
1	4	1	1262454010
1	5	1	1262454010
1	6	1	1262454010
1	7	1	1262454010
1	8	1	1262454010
1	9	1	1262454010
1	10	1	1262454010
1	11	1	1262454010
1	12	1	1262454010
1	13	1	1262454010
1	14	1	1262454010
1	15	1	1262454010
1	16	1	1262454010
1	17	1	1262454010
1	18	1	1262699486
1	19	1	1262606892
1	20	1	1266578808
1	21	1	1266578808
1	22	1	1264601047
1	23	1	1265101205
1	24	1	1266578808
1	25	1	1266578808
1	26	1	1266578808
1	27	1	1266578808
1	28	1	1266578808
1	29	1	1266578808
1	30	1	1266578808
1	31	1	1266578808
1	32	1	1266578808
1	33	1	1264773934
1	34	1	1266578808
1	35	1	1262779684
1	36	1	1262943824
1	37	1	1262943824
1	38	1	1262735060
1	39	1	1266578808
1	40	1	1266578808
1	41	1	1266578808
1	42	1	1266578808
1	43	1	1266578808
1	44	1	1263293654
1	45	1	1262960578
1	46	1	1262589421
1	47	1	1266578808
1	48	1	1266578808
1	49	1	1266578808
1	50	1	1263903307
1	51	1	1266578808
1	52	1	1266578808
1	53	1	1266578808
1	54	1	1264421121
1	55	1	1266578808
1	56	1	1264423947
1	57	1	1265017771
1	58	1	1265024470
1	59	1	1262958897
1	60	1	1266578808
1	61	1	1266578808
1	62	1	1266578808
1	63	1	1266578808
1	64	1	1266578808
1	65	1	1265619305
1	66	1	1266578808
1	67	1	1266578808
1	68	1	1263542992
1	69	1	1263542992
1	70	1	1263208694
1	71	1	1266578808
1	72	1	1266578808
1	73	1	1262596231
1	74	1	1262598938
1	75	1	1262697765
1	76	1	1266578808
1	77	1	1266578808
1	78	1	1266578808
1	79	1	1266563516
1	80	1	1266578808
1	81	1	1266578808
1	82	1	1266578808
1	83	1	1264773934
1	84	1	1266578808
1	85	1	1262697466
1	86	1	1266578808
1	87	1	1266563516
1	88	1	1266408873
1	89	1	1264498114
1	90	1	1263375568
1	91	1	1266578808
1	93	1	1266578808
1	94	1	1262958897
1	95	1	1266563516
1	96	1	1266578808
1	98	1	1266578808
1	99	1	1266578808
1	100	1	1266578808
1	101	1	1266578808
1	102	1	1266578808
1	103	1	1266578808
1	104	1	1266563516
1	105	1	1266578808
1	106	1	1266578808
1	107	1	1266578808
1	108	1	1266578808
1	109	1	1266578808
1	110	1	1266578808
1	111	1	1266578808
1	112	1	1262960705
1	113	1	1266578808
1	115	1	1266578808
1	116	1	1266578808
1	117	1	1266578808
1	118	1	1266578808
1	119	1	1266578808
1	120	1	1266578808
1	121	1	1266578808
1	122	1	1266578808
1	123	1	1266563516
1	124	1	1266578808
1	125	1	1266578808
1	126	1	1266578808
1	128	1	1266578808
1	129	1	1266578808
1	130	1	1266578808
1	133	1	1266578808
1	134	1	1267617669
1	136	1	1266578808
1	149	1	1266578808
1	151	1	1266578808
2	6	1	1263204927
2	7	1	1264752290
2	9	1	1273586517
2	10	1	1264060484
2	13	1	1272617807
2	14	1	1266910775
2	17	1	1277288679
2	18	1	1268127727
2	20	1	1264752290
2	22	1	1262794411
2	23	1	1270194437
2	25	1	1277288679
2	29	1	1264752290
2	32	1	1262769787
2	33	1	1263800474
2	34	1	1277288679
2	35	1	1268989075
2	37	1	1263376303
2	38	1	1264062077
2	40	1	1271853271
2	42	1	1265975757
2	43	1	1264752290
2	44	1	1268127727
2	45	1	1262960578
2	46	1	1264752290
2	47	1	1262769787
2	48	1	1262769787
2	55	1	1277288679
2	56	1	1262769787
2	57	1	1268127727
2	58	1	1265190123
2	59	1	1262589958
2	63	1	1269330973
2	65	1	1273586517
2	67	1	1281091628
2	68	1	1262769787
2	69	1	1262769787
2	70	1	1264752290
2	71	1	1268127727
2	72	1	1272617807
2	74	1	1271934927
2	75	1	1268127727
2	76	1	1262769787
2	80	1	1276081505
2	83	1	1263800474
2	84	1	1262769787
2	85	1	1262769787
2	86	1	1262769787
2	87	1	1264752290
2	88	1	1262769787
2	89	1	1262769787
2	93	1	1264752290
2	94	1	1262761391
2	95	1	1264751613
2	96	1	1276518980
2	98	1	1264752290
2	100	1	1277288679
2	104	1	1283846861
2	106	1	1265273424
2	112	1	1283854038
2	113	1	1270195947
2	115	1	1277288679
2	117	1	1282903749
2	118	1	1277288679
2	119	1	1268127727
2	123	1	1264752290
2	151	1	1264752290
2	165	1	1274291942
3	4	1	1262591801
3	6	1	1273746090
3	7	1	1262773966
3	8	1	1262589314
3	9	1	1262957933
3	13	1	1262588553
3	14	1	1274093291
3	15	1	1264418145
3	16	1	1279631996
3	17	1	1262591337
3	18	1	1262589314
3	20	1	1262585289
3	24	1	1262598186
3	25	1	1282656062
3	26	1	1263473217
3	27	1	1262594087
3	29	1	1268987170
3	30	1	1262776759
3	31	1	1279701163
3	32	1	1265020056
3	35	1	1262588115
3	37	1	1263376303
3	38	1	1264062077
3	39	1	1263801345
3	40	1	1268293600
3	41	1	1263904626
3	42	1	1262589053
3	44	1	1276080639
3	45	1	1262960578
3	47	1	1268206414
3	48	1	1275049108
3	50	1	1262589314
3	51	1	1262589314
3	52	1	1262589314
3	53	1	1262589314
3	55	1	1280139119
3	56	1	1265895874
3	60	1	1284717818
3	62	1	1262592390
3	63	1	1265969702
3	64	1	1266222990
3	66	1	1262591337
3	67	1	1262591337
3	68	1	1262591337
3	69	1	1262591337
3	71	1	1284993442
3	72	1	1263281309
3	76	1	1268828881
3	77	1	1262603885
3	80	1	1271322440
3	81	1	1262594087
3	83	1	1262777697
3	84	1	1265366687
3	85	1	1262607702
3	86	1	1268724677
3	90	1	1275306993
3	99	1	1269607651
3	100	1	1277361699
3	102	1	1283862769
3	105	1	1265199243
3	107	1	1277363141
3	112	1	1264500668
3	113	1	1263809695
3	115	1	1267528824
3	117	1	1285141076
3	128	1	1263217088
3	136	1	1284980353
4	5	1	1265276468
4	6	1	1264745145
4	7	1	1262773966
4	8	1	1267773170
4	9	1	1272981720
4	10	1	1280676710
4	13	1	1262588553
4	14	1	1282290326
4	15	1	1285659349
4	16	1	1262592750
4	17	1	1268376888
4	18	1	1262690203
4	19	1	1273229025
4	20	1	1264744421
4	23	1	1270194437
4	27	1	1262689530
4	29	1	1265898580
4	30	1	1267705163
4	33	1	1271230194
4	34	1	1270116468
4	35	1	1262689529
4	37	1	1263376303
4	38	1	1264062077
4	40	1	1268031882
4	41	1	1284383962
4	45	1	1262960578
4	47	1	1270029112
4	48	1	1262607337
4	49	1	1274105904
4	50	1	1277797965
4	52	1	1280308137
4	53	1	1262763449
4	54	1	1285659349
4	55	1	1270116468
4	56	1	1285848788
4	57	1	1271230194
4	58	1	1262945459
4	65	1	1262609577
4	66	1	1285673684
4	68	1	1265622545
4	69	1	1262862525
4	70	1	1262857163
4	71	1	1264148174
4	73	1	1278660605
4	74	1	1262615438
4	75	1	1267693236
4	76	1	1263550546
4	81	1	1262689529
4	82	1	1277806356
4	84	1	1264595395
4	86	1	1262696517
4	88	1	1284736183
4	89	1	1284736183
4	90	1	1275306993
4	93	1	1262689530
4	95	1	1268127072
4	101	1	1262689530
4	102	1	1266821530
4	106	1	1262692874
4	113	1	1270195947
4	117	1	1264155767
4	121	1	1284383962
4	124	1	1277608179
5	7	1	1272374801
5	9	1	1263558963
5	10	1	1264071578
5	11	1	1262591636
5	12	1	1278054574
5	13	1	1274112327
5	14	1	1267013217
5	15	1	1262767032
5	18	1	1268140915
5	23	1	1270194437
5	24	1	1266827318
5	25	1	1280741417
5	27	1	1269727694
5	28	1	1274112327
5	29	1	1268140915
5	30	1	1262776891
5	31	1	1268140915
5	32	1	1266227876
5	33	1	1262608716
5	35	1	1268989075
5	36	1	1268140915
5	37	1	1263376303
5	38	1	1264062077
5	39	1	1268140915
5	42	1	1263807698
5	45	1	1262960578
5	47	1	1270029112
5	52	1	1268140915
5	54	1	1263815341
5	56	1	1264165881
5	58	1	1283500168
5	61	1	1283341479
5	65	1	1282220740
5	66	1	1264752546
5	67	1	1275311423
5	69	1	1268140915
5	71	1	1262591636
5	72	1	1262591636
5	73	1	1262591636
5	74	1	1262591636
5	77	1	1263809850
5	81	1	1269849521
5	83	1	1262679122
5	86	1	1276256459
5	88	1	1264674149
5	90	1	1275306993
5	106	1	1268140504
5	109	1	1268140915
5	112	1	1264503513
5	113	1	1270195947
5	115	1	1285320044
5	117	1	1265878521
6	7	1	1262593291
6	8	1	1262774362
6	10	1	1264415868
6	13	1	1265021463
6	16	1	1264745145
6	18	1	1265271252
6	20	1	1264415868
6	22	1	1263374322
6	31	1	1264745145
6	35	1	1268123986
6	36	1	1263299946
6	37	1	1263299946
6	38	1	1264062077
6	40	1	1264415868
6	41	1	1265021463
6	42	1	1264745145
6	43	1	1263291449
6	45	1	1262960578
6	46	1	1264745145
6	47	1	1270029112
6	49	1	1264745145
6	50	1	1264745145
6	53	1	1273565743
6	57	1	1268123986
6	69	1	1281447712
6	70	1	1266231065
6	78	1	1264745145
6	82	1	1265110224
6	87	1	1264745145
6	89	1	1281519564
6	93	1	1263375023
6	94	1	1264415323
6	95	1	1264751613
6	98	1	1264413515
6	99	1	1281519564
6	101	1	1264415868
6	106	1	1262866242
6	107	1	1277289424
6	109	1	1283849502
6	113	1	1270195947
6	121	1	1281689448
6	124	1	1264745145
6	128	1	1264745145
6	130	1	1264745145
7	8	1	1262773966
7	9	1	1279706767
7	10	1	1262591631
7	11	1	1264761449
7	13	1	1262773966
7	14	1	1262773966
7	15	1	1262683889
7	16	1	1271245698
7	18	1	1262699486
7	19	1	1262606892
7	20	1	1262773966
7	21	1	1263292533
7	22	1	1262683103
7	23	1	1270194437
7	24	1	1262773966
7	27	1	1262773966
7	29	1	1262677872
7	30	1	1262773966
7	31	1	1262773966
7	32	1	1262602105
7	33	1	1262773966
7	34	1	1262773966
7	35	1	1262773966
7	37	1	1263376303
7	38	1	1262773966
7	42	1	1262679916
7	43	1	1262773966
7	44	1	1262773966
7	45	1	1262773966
7	47	1	1270029112
7	49	1	1264761449
7	50	1	1269597525
7	51	1	1262773966
7	55	1	1262773966
7	57	1	1262773966
7	58	1	1262773966
7	59	1	1262773966
7	63	1	1262773966
7	65	1	1284375704
7	67	1	1262773966
7	68	1	1262773966
7	69	1	1281692949
7	70	1	1262773966
7	72	1	1262773966
7	74	1	1262773966
7	75	1	1264761449
7	77	1	1270642209
7	79	1	1281696652
7	80	1	1262690016
7	81	1	1262773966
7	83	1	1262773966
7	84	1	1263907688
7	85	1	1264761449
7	87	1	1281519867
7	90	1	1262773966
7	93	1	1264761449
7	94	1	1264761449
7	95	1	1264751613
7	98	1	1265272341
7	100	1	1262764147
7	103	1	1263803785
7	104	1	1263987023
7	105	1	1262773966
7	107	1	1275923673
7	112	1	1268117888
7	113	1	1264761449
7	115	1	1262773966
7	117	1	1262773966
7	123	1	1264761449
7	151	1	1267695774
8	9	1	1275310608
8	13	1	1262588553
8	15	1	1275985645
8	16	1	1262589178
8	17	1	1276087453
8	18	1	1272547859
8	20	1	1262951281
8	23	1	1270194437
8	24	1	1262598186
8	25	1	1282656062
8	27	1	1269727694
8	28	1	1263992521
8	29	1	1270037070
8	30	1	1262776759
8	32	1	1265013901
8	33	1	1281516092
8	35	1	1268221206
8	37	1	1263376303
8	38	1	1264062077
8	39	1	1284018881
8	40	1	1271399414
8	41	1	1265111713
8	42	1	1268743022
8	44	1	1276080639
8	45	1	1262960578
8	46	1	1264752147
8	47	1	1270029112
8	48	1	1275049108
8	50	1	1263193044
8	51	1	1262693725
8	52	1	1267429513
8	53	1	1273566070
8	62	1	1262592390
8	66	1	1271423029
8	67	1	1275400305
8	68	1	1272547042
8	69	1	1274371533
8	71	1	1266239677
8	76	1	1281698675
8	77	1	1267449943
8	80	1	1270210942
8	81	1	1269849521
8	83	1	1263290890
8	84	1	1278421006
8	86	1	1277220020
8	90	1	1275306993
8	104	1	1270803577
8	107	1	1272494742
8	112	1	1280323542
8	113	1	1270042488
8	115	1	1285320044
8	121	1	1267426706
9	13	1	1262957933
9	14	1	1262773786
9	15	1	1262775646
9	17	1	1262607751
9	18	1	1269869930
9	19	1	1262606892
9	25	1	1262939479
9	26	1	1275310608
9	27	1	1262778954
9	32	1	1263219067
9	35	1	1268989075
9	36	1	1262860073
9	37	1	1263376303
9	38	1	1262790575
9	39	1	1276507205
9	42	1	1262952384
9	44	1	1263970237
9	45	1	1262960578
9	46	1	1264752147
9	47	1	1270029112
9	48	1	1265805092
9	50	1	1272963389
9	53	1	1276079958
9	56	1	1264063372
9	58	1	1285753868
9	59	1	1262778076
9	61	1	1285235531
9	62	1	1262604947
9	64	1	1262772764
9	65	1	1262791426
9	66	1	1262608575
9	67	1	1262608575
9	68	1	1262883065
9	69	1	1264063372
9	71	1	1263815349
9	72	1	1262786424
9	73	1	1268998418
9	74	1	1262606900
9	76	1	1262773567
9	77	1	1264063372
9	80	1	1262772815
9	83	1	1263976515
9	84	1	1265805092
9	85	1	1265029732
9	86	1	1265805092
9	88	1	1276176928
9	90	1	1264063372
9	92	1	1262772419
9	94	1	1262763428
9	95	1	1283332222
9	100	1	1277361699
9	104	1	1264155847
9	112	1	1262767879
9	113	1	1270195947
9	115	1	1267528824
9	117	1	1264065181
10	14	1	1264060517
10	18	1	1268144614
10	19	1	1268144614
10	20	1	1268144614
10	21	1	1262591642
10	22	1	1264071578
10	23	1	1266402907
10	27	1	1264071578
10	29	1	1268144614
10	30	1	1268126841
10	32	1	1265183232
10	33	1	1268144614
10	35	1	1268989075
10	37	1	1263376303
10	38	1	1264062077
10	42	1	1264071578
10	43	1	1263305059
10	44	1	1276513446
10	45	1	1262960578
10	46	1	1268144614
10	47	1	1270029112
10	50	1	1277732163
10	54	1	1262677718
10	55	1	1268144614
10	56	1	1268144614
10	57	1	1268986760
10	58	1	1268144614
10	59	1	1263886452
10	63	1	1264071578
10	65	1	1264071578
10	68	1	1264071578
10	73	1	1264071578
10	75	1	1264060459
10	79	1	1264071578
10	84	1	1270811298
10	87	1	1264060444
10	88	1	1270642817
10	89	1	1264751535
10	93	1	1268144614
10	94	1	1263812728
10	95	1	1265288290
10	98	1	1268144614
10	100	1	1268144614
10	104	1	1264071392
10	105	1	1264071578
10	106	1	1268144614
10	107	1	1268144614
10	109	1	1268144614
10	112	1	1264071578
10	113	1	1270195947
10	115	1	1285320044
10	118	1	1268144614
10	123	1	1264071578
10	133	1	1268144614
10	151	1	1281002787
11	12	1	1282219386
11	14	1	1282813502
11	15	1	1277197887
11	25	1	1262587685
11	31	1	1262587685
11	32	1	1262587685
11	33	1	1262587685
11	35	1	1268989075
11	37	1	1263376303
11	38	1	1264062077
11	45	1	1262960578
11	47	1	1270029112
11	54	1	1277197887
11	58	1	1277369930
11	63	1	1272458460
11	65	1	1282813502
11	71	1	1271232118
11	74	1	1273053722
11	83	1	1262596467
11	106	1	1268140504
11	113	1	1270195947
11	117	1	1277369930
12	14	1	1282219386
12	15	1	1262592919
12	25	1	1262602755
12	31	1	1262602755
12	33	1	1262848031
12	35	1	1268989075
12	37	1	1263376303
12	38	1	1264062077
12	40	1	1279182599
12	45	1	1262960578
12	47	1	1270029112
12	54	1	1262867140
12	56	1	1279008738
12	58	1	1283870253
12	61	1	1263818739
12	65	1	1282219386
12	71	1	1263824438
12	72	1	1262689645
12	73	1	1263904886
12	74	1	1265199687
12	88	1	1262610158
12	96	1	1262672099
12	113	1	1270195947
12	117	1	1271337723
13	14	1	1264064663
13	15	1	1262592247
13	16	1	1263292669
13	17	1	1262699085
13	18	1	1263464505
13	20	1	1262779403
13	23	1	1270194437
13	27	1	1262699548
13	30	1	1270714258
13	31	1	1280481495
13	32	1	1275911250
13	34	1	1277297039
13	35	1	1262588553
13	37	1	1263376303
13	38	1	1262695944
13	40	1	1262588553
13	41	1	1262588553
13	43	1	1265024309
13	44	1	1276080639
13	45	1	1262960578
13	47	1	1263815661
13	48	1	1263540463
13	50	1	1262764454
13	51	1	1273480102
13	53	1	1263217306
13	58	1	1267008701
13	59	1	1272533220
13	60	1	1275983619
13	61	1	1266409367
13	62	1	1282730961
13	65	1	1262609524
13	66	1	1263384087
13	67	1	1276076333
13	68	1	1263293543
13	69	1	1263303407
13	70	1	1262854426
13	71	1	1269412470
13	72	1	1263194860
13	73	1	1264145513
13	74	1	1264145513
13	75	1	1265806226
13	76	1	1262786605
13	77	1	1263809052
13	81	1	1268305400
13	82	1	1264753839
13	84	1	1264082217
13	85	1	1268224657
13	86	1	1263815661
13	93	1	1265186014
13	106	1	1266236817
13	112	1	1264497839
13	113	1	1270195947
13	115	1	1285320044
13	117	1	1267087091
13	121	1	1262862394
14	15	1	1267013217
14	17	1	1270018520
14	22	1	1265705134
14	25	1	1268127912
14	31	1	1262933954
14	32	1	1262850384
14	35	1	1268989075
14	36	1	1278417063
14	37	1	1263376303
14	38	1	1264062077
14	42	1	1262952384
14	44	1	1265289906
14	45	1	1262960578
14	46	1	1264752147
14	47	1	1270029112
14	50	1	1267013217
14	53	1	1267013217
14	54	1	1268640817
14	56	1	1267013217
14	58	1	1285753868
14	59	1	1262778076
14	61	1	1285080708
14	62	1	1271152744
14	63	1	1273734155
14	64	1	1263300761
14	65	1	1263537860
14	66	1	1270034702
14	67	1	1268832307
14	68	1	1263300761
14	69	1	1263300761
14	70	1	1263295000
14	71	1	1265786814
14	72	1	1262786424
14	73	1	1268998418
14	74	1	1262606900
14	77	1	1262595325
14	80	1	1263300761
14	84	1	1263989892
14	85	1	1274093291
14	86	1	1283425763
14	88	1	1275297693
14	90	1	1263300761
14	92	1	1263537860
14	94	1	1262763428
14	95	1	1264751613
14	97	1	1263289083
14	100	1	1277361699
14	103	1	1265700979
14	104	1	1266331031
14	112	1	1264073067
14	113	1	1270195947
14	115	1	1278080584
14	117	1	1263993432
14	160	1	1272670614
15	17	1	1262595219
15	22	1	1274111142
15	23	1	1270194437
15	24	1	1262862022
15	25	1	1280219148
15	26	1	1265883931
15	27	1	1262591896
15	29	1	1265807056
15	30	1	1262776704
15	31	1	1279701163
15	32	1	1262593920
15	33	1	1262597008
15	35	1	1268989075
15	36	1	1269613134
15	37	1	1263376303
15	38	1	1262695944
15	39	1	1266848081
15	40	1	1269440135
15	42	1	1263808911
15	43	1	1265974108
15	44	1	1272367824
15	45	1	1262960578
15	47	1	1270029112
15	48	1	1271412029
15	50	1	1262764454
15	54	1	1262677718
15	56	1	1262687209
15	61	1	1262592919
15	62	1	1262592390
15	64	1	1266234112
15	65	1	1282827913
15	66	1	1262678360
15	67	1	1275311423
15	68	1	1262883065
15	69	1	1264088244
15	71	1	1263198556
15	72	1	1262603881
15	73	1	1266398739
15	74	1	1282570615
15	77	1	1262603885
15	80	1	1264438758
15	81	1	1262775453
15	82	1	1274260040
15	83	1	1262679122
15	86	1	1268921446
15	88	1	1262610158
15	90	1	1275306993
15	96	1	1262672099
15	112	1	1264499171
15	113	1	1263809695
15	115	1	1267528824
15	117	1	1264165189
15	161	1	1272726414
16	23	1	1268632286
16	35	1	1268989075
16	37	1	1263376303
16	38	1	1264062077
16	40	1	1265198382
16	44	1	1276080639
16	45	1	1262960578
16	47	1	1270029112
16	50	1	1277797965
16	57	1	1284982005
16	98	1	1268632286
16	101	1	1268120741
16	106	1	1268140504
16	110	1	1265004649
16	113	1	1270195947
16	115	1	1285320044
16	121	1	1275486744
17	18	1	1270023712
17	19	1	1262606892
17	30	1	1262776759
17	35	1	1268989075
17	37	1	1263376303
17	38	1	1264062077
17	40	1	1271399414
17	45	1	1262960578
17	47	1	1269875390
17	48	1	1269871539
17	49	1	1278661196
17	50	1	1267024422
17	53	1	1268727021
17	54	1	1262589427
17	56	1	1262595219
17	65	1	1268812965
17	66	1	1276592389
17	68	1	1268826976
17	69	1	1268646119
17	74	1	1270111640
17	76	1	1265372941
17	77	1	1265980651
17	86	1	1268726837
17	104	1	1272008214
17	113	1	1270195947
17	115	1	1285320044
18	19	1	1262583526
18	20	1	1263991325
18	21	1	1270025254
18	23	1	1265980356
18	24	1	1266827318
18	26	1	1274775698
18	27	1	1262870004
18	30	1	1274118325
18	31	1	1265353319
18	32	1	1271150196
18	34	1	1270644350
18	35	1	1263464505
18	36	1	1269266411
18	37	1	1262870004
18	38	1	1262870004
18	40	1	1271683074
18	41	1	1268742153
18	42	1	1263301950
18	43	1	1271244427
18	44	1	1265808323
18	45	1	1262960578
18	46	1	1264752147
18	47	1	1262699486
18	48	1	1268382342
18	50	1	1263453936
18	51	1	1262776264
18	53	1	1276860725
18	55	1	1262693711
18	56	1	1264507652
18	57	1	1262693711
18	58	1	1267103137
18	62	1	1269945961
18	63	1	1274774338
18	64	1	1264424417
18	66	1	1272547859
18	67	1	1271681712
18	68	1	1266222402
18	69	1	1262869148
18	71	1	1269266164
18	72	1	1277796701
18	74	1	1267601654
18	75	1	1270046490
18	76	1	1263498832
18	79	1	1265271252
18	80	1	1262772815
18	81	1	1265271252
18	82	1	1264754312
18	83	1	1262857132
18	84	1	1263498832
18	85	1	1262876365
18	86	1	1263463440
18	88	1	1262695029
18	89	1	1280928285
18	90	1	1262616300
18	91	1	1265808323
18	93	1	1266497228
18	94	1	1264415323
18	95	1	1278057842
18	96	1	1266222402
18	99	1	1262622794
18	101	1	1266497228
18	104	1	1262701063
18	107	1	1262693711
18	108	1	1262693711
18	109	1	1262693711
18	110	1	1262693711
18	111	1	1262693711
18	112	1	1264512946
18	113	1	1262960988
18	115	1	1262865477
18	164	1	1274205697
19	21	1	1262589922
19	23	1	1262589922
19	35	1	1268989075
19	37	1	1263376303
19	38	1	1262606892
19	45	1	1262960578
19	47	1	1267005752
19	48	1	1266325625
19	50	1	1262589788
19	57	1	1262589730
19	58	1	1262589780
19	66	1	1262606892
19	67	1	1262606892
19	68	1	1270126057
19	69	1	1270126057
19	70	1	1281514625
19	75	1	1264416589
19	76	1	1262593204
19	79	1	1278589219
19	81	1	1279882325
19	82	1	1265196645
19	84	1	1262769446
19	85	1	1270126057
19	86	1	1262605066
19	87	1	1281519867
19	88	1	1264597082
19	89	1	1266219718
19	90	1	1262606892
19	91	1	1262606892
19	93	1	1262688889
19	94	1	1268138212
19	101	1	1264416281
19	113	1	1270195947
20	21	1	1262585429
20	22	1	1262585488
20	23	1	1262585516
20	25	1	1267709508
20	28	1	1262856536
20	29	1	1266298944
20	30	1	1262776833
20	33	1	1275993310
20	35	1	1262604422
20	36	1	1264415701
20	37	1	1263376303
20	38	1	1263811056
20	40	1	1272357206
20	42	1	1264744421
20	43	1	1268303952
20	45	1	1262960578
20	47	1	1270029112
20	50	1	1264426838
20	51	1	1264744421
20	52	1	1266220378
20	53	1	1264426838
20	57	1	1268986760
20	62	1	1262592390
20	63	1	1263899120
20	64	1	1266992999
20	70	1	1263888843
20	75	1	1263888817
20	81	1	1268127822
20	83	1	1267616710
20	94	1	1263812728
20	95	1	1264412759
20	98	1	1264744421
20	102	1	1268127822
20	111	1	1265806751
20	112	1	1268127822
20	113	1	1270195947
20	115	1	1285320044
20	128	1	1268127822
20	149	1	1264415701
20	151	1	1284548681
21	22	1	1270116706
21	23	1	1262588413
21	26	1	1262589265
21	29	1	1268987170
21	31	1	1262597928
21	33	1	1262945978
21	34	1	1262588054
21	35	1	1268989075
21	37	1	1263376303
21	38	1	1264062077
21	39	1	1262588513
21	42	1	1270131244
21	43	1	1263291449
21	44	1	1283866990
21	45	1	1262960578
21	46	1	1262588989
21	47	1	1262602572
21	48	1	1262602572
21	49	1	1262589270
21	55	1	1262589986
21	56	1	1262602572
21	57	1	1268396116
21	58	1	1262591326
21	68	1	1262602572
21	69	1	1262602572
21	70	1	1262591410
21	71	1	1263199010
21	72	1	1263377154
21	75	1	1263292533
21	76	1	1262602572
21	80	1	1276081505
21	82	1	1262594839
21	84	1	1262602572
21	85	1	1262602572
21	86	1	1262602095
21	88	1	1262602572
21	89	1	1262602572
21	90	1	1262602572
21	94	1	1264749761
21	98	1	1270117940
21	99	1	1262622904
21	100	1	1262674351
21	109	1	1272270758
21	111	1	1266519989
21	112	1	1265275927
21	113	1	1262762148
21	115	1	1285320044
21	133	1	1277116909
21	151	1	1268734566
22	23	1	1268825195
22	27	1	1275909354
22	29	1	1262589288
22	31	1	1267770145
22	32	1	1270800463
22	33	1	1262612170
22	35	1	1268989075
22	36	1	1264411037
22	37	1	1263376303
22	38	1	1262703801
22	39	1	1266241674
22	42	1	1262609969
22	43	1	1266241811
22	44	1	1265713184
22	45	1	1262960578
22	46	1	1264752147
22	47	1	1270029112
22	50	1	1268121458
22	56	1	1274704855
22	58	1	1265272118
22	62	1	1263389980
22	63	1	1262612956
22	64	1	1263889963
22	65	1	1267540144
22	68	1	1265628509
22	70	1	1268129765
22	72	1	1278662050
22	75	1	1274111142
22	77	1	1262887732
22	79	1	1268132227
22	82	1	1274260040
22	85	1	1274704855
22	88	1	1274704855
22	89	1	1274867693
22	90	1	1264765162
22	91	1	1265114138
22	93	1	1266241811
22	94	1	1262607462
22	95	1	1263802302
22	98	1	1262613727
22	104	1	1270115913
22	105	1	1270116706
22	113	1	1270195947
22	115	1	1264764689
22	149	1	1264411037
22	151	1	1268734566
23	24	1	1265280821
23	26	1	1264494154
23	28	1	1270194437
23	29	1	1262683367
23	30	1	1270194437
23	31	1	1270194437
23	32	1	1265883959
23	33	1	1265271302
23	34	1	1263969905
23	35	1	1268989075
23	36	1	1270194437
23	37	1	1263376303
23	38	1	1264062077
23	39	1	1265980356
23	41	1	1267174676
23	42	1	1265182413
23	43	1	1270194437
23	45	1	1262783529
23	46	1	1263969905
23	47	1	1270029112
23	48	1	1265877418
23	50	1	1265096311
23	51	1	1265202099
23	52	1	1265964746
23	55	1	1262589827
23	56	1	1265980356
23	57	1	1283846194
23	58	1	1262945459
23	60	1	1262590477
23	61	1	1262590849
23	63	1	1270194437
23	64	1	1262868526
23	65	1	1262591156
23	68	1	1270194437
23	70	1	1270194437
23	73	1	1270194437
23	75	1	1270046490
23	77	1	1267100502
23	78	1	1262593743
23	80	1	1265980356
23	81	1	1268825195
23	83	1	1263202281
23	85	1	1270194437
23	86	1	1265271302
23	87	1	1270194437
23	90	1	1283846194
23	91	1	1262684091
23	93	1	1268899481
23	94	1	1263812728
23	98	1	1270117940
23	103	1	1265271302
23	104	1	1265101205
23	105	1	1265271302
23	109	1	1270194437
23	110	1	1268245621
23	111	1	1266519990
23	112	1	1265271302
23	113	1	1270194437
23	115	1	1267528824
23	118	1	1270194437
23	128	1	1270194437
23	130	1	1270194437
23	149	1	1270194437
23	151	1	1265980356
23	163	1	1272933171
24	25	1	1262586908
24	26	1	1262595045
24	27	1	1262777122
24	29	1	1268987170
24	30	1	1265378343
24	31	1	1263217617
24	32	1	1262687731
24	34	1	1262589962
24	35	1	1268989075
24	37	1	1263376303
24	38	1	1264062077
24	39	1	1266827318
24	42	1	1284468850
24	44	1	1276080639
24	45	1	1262850949
24	46	1	1264752147
24	47	1	1270029112
24	51	1	1262598186
24	60	1	1263216869
24	62	1	1262598186
24	66	1	1262862022
24	72	1	1277990608
24	77	1	1262603885
24	80	1	1279100164
24	81	1	1270128407
24	83	1	1262862022
24	87	1	1265280821
24	90	1	1275306993
24	103	1	1264410383
24	105	1	1265370009
24	112	1	1264411467
24	113	1	1266309279
24	115	1	1285320044
24	117	1	1263204805
25	26	1	1262595017
25	27	1	1262778954
25	30	1	1262951649
25	31	1	1262861562
25	32	1	1263194676
25	35	1	1268989075
25	37	1	1263376303
25	38	1	1264062077
25	45	1	1262960578
25	46	1	1264752147
25	47	1	1270029112
25	50	1	1268121458
25	60	1	1279884309
25	66	1	1263389288
25	71	1	1276609306
25	72	1	1276670032
25	80	1	1272970907
25	90	1	1275306993
25	103	1	1263385226
25	113	1	1270195947
25	115	1	1285320044
25	149	1	1281516634
26	27	1	1262586943
26	30	1	1263304593
26	31	1	1263372046
26	32	1	1262589278
26	35	1	1268989075
26	36	1	1282116981
26	37	1	1263376303
26	38	1	1264062077
26	39	1	1263801345
26	41	1	1281528868
26	42	1	1270539126
26	44	1	1276080639
26	45	1	1262588892
26	47	1	1270029112
26	50	1	1263302564
26	51	1	1266932080
26	52	1	1284362428
26	59	1	1285833467
26	60	1	1264502786
26	62	1	1262604947
26	64	1	1268137959
26	66	1	1263463643
26	67	1	1267521615
26	69	1	1276856291
26	71	1	1264670345
26	77	1	1262603885
26	80	1	1264155298
26	81	1	1268305400
26	83	1	1263977704
26	84	1	1273675665
26	86	1	1269250122
26	87	1	1263292124
26	90	1	1275306993
26	94	1	1262777488
26	100	1	1268806838
26	103	1	1264510434
26	104	1	1263197305
26	105	1	1265284644
26	112	1	1264504513
26	113	1	1265281155
26	115	1	1267528824
26	117	1	1263204805
26	139	1	1267203265
26	149	1	1265631156
26	152	1	1267598129
27	28	1	1264424953
27	30	1	1284716427
27	31	1	1262778954
27	32	1	1262777304
27	35	1	1263191957
27	37	1	1263376303
27	38	1	1262777304
27	39	1	1262589971
27	40	1	1267007370
27	42	1	1262589703
27	43	1	1265033237
27	44	1	1263462409
27	45	1	1262960578
27	46	1	1264752147
27	47	1	1262777304
27	48	1	1266329889
27	50	1	1262850703
27	53	1	1263191957
27	54	1	1262784752
27	56	1	1262777304
27	60	1	1280772218
27	62	1	1262604947
27	63	1	1264759114
27	64	1	1262759558
27	66	1	1262591812
27	67	1	1262777304
27	68	1	1262594343
27	69	1	1262604154
27	70	1	1263295148
27	72	1	1262777304
27	74	1	1263300799
27	75	1	1270713012
27	76	1	1263302128
27	77	1	1262593536
27	80	1	1262604447
27	81	1	1262681524
27	83	1	1262777304
27	84	1	1262777459
27	85	1	1278338142
27	86	1	1262709368
27	87	1	1263295689
27	88	1	1262867022
27	90	1	1262778954
27	93	1	1262681524
27	101	1	1262681524
27	102	1	1262681524
27	112	1	1264497465
27	113	1	1265281155
27	115	1	1268129304
27	117	1	1262777304
27	124	1	1275469665
28	29	1	1262587000
28	35	1	1268989075
28	37	1	1263376303
28	38	1	1264062077
28	39	1	1262942812
28	45	1	1262960578
28	47	1	1270029112
28	54	1	1264424847
28	60	1	1269594181
28	83	1	1264424847
28	102	1	1271848037
28	113	1	1270195947
28	115	1	1285320044
29	30	1	1262587333
29	31	1	1265898617
29	33	1	1268987170
29	34	1	1263453356
29	35	1	1268989075
29	36	1	1270122329
29	37	1	1263376303
29	38	1	1264062077
29	39	1	1262778964
29	42	1	1262606727
29	43	1	1263291710
29	45	1	1262960578
29	46	1	1263453356
29	47	1	1270029112
29	48	1	1268987170
29	49	1	1270037070
29	50	1	1262944744
29	52	1	1264415565
29	53	1	1284712480
29	54	1	1262784752
29	56	1	1264415565
29	57	1	1264750333
29	58	1	1262945459
29	59	1	1272508587
29	63	1	1262606147
29	70	1	1270105587
29	71	1	1272014475
29	75	1	1264415565
29	77	1	1264502663
29	80	1	1263973459
29	81	1	1263973852
29	82	1	1282734181
29	83	1	1263908842
29	85	1	1268987170
29	86	1	1272508587
29	88	1	1264502663
29	89	1	1264751535
29	90	1	1264765162
29	93	1	1268987170
29	94	1	1263812728
29	95	1	1270037070
29	98	1	1268987170
29	100	1	1264415565
29	102	1	1265898580
29	104	1	1271254745
29	106	1	1265195053
29	109	1	1279871126
29	112	1	1263295929
29	113	1	1270195947
29	115	1	1268987170
29	119	1	1263799127
29	120	1	1265183967
29	122	1	1265183967
29	130	1	1279871126
30	31	1	1264671904
30	32	1	1262592963
30	33	1	1262776704
30	35	1	1262776833
30	36	1	1263285409
30	37	1	1263285409
30	38	1	1262783327
30	39	1	1262776930
30	44	1	1280323308
30	45	1	1262951958
30	46	1	1264752147
30	47	1	1263813827
30	50	1	1268121458
30	54	1	1262776704
30	59	1	1280318813
30	66	1	1274118325
30	67	1	1274118325
30	68	1	1274118325
30	70	1	1263295148
30	82	1	1274118325
30	83	1	1262700395
30	84	1	1268316773
30	94	1	1262777488
30	95	1	1264763847
30	100	1	1277361699
30	103	1	1265622076
30	104	1	1264155907
30	112	1	1266241753
30	113	1	1270195947
30	115	1	1285320044
31	32	1	1263561495
31	33	1	1267770266
31	35	1	1268989075
31	36	1	1267604687
31	37	1	1263376303
31	38	1	1264062077
31	42	1	1262937663
31	45	1	1262960578
31	46	1	1264752147
31	47	1	1270029112
31	53	1	1262696252
31	54	1	1264501126
31	57	1	1267770376
31	58	1	1267770067
31	60	1	1274112321
31	62	1	1267599061
31	63	1	1262937663
31	66	1	1284977893
31	67	1	1271681712
31	70	1	1263295148
31	71	1	1263220126
31	72	1	1276511180
31	74	1	1262943830
31	75	1	1267770227
31	80	1	1262768282
31	87	1	1265111605
31	95	1	1267797764
31	103	1	1272438386
31	104	1	1267797764
31	105	1	1264597098
31	112	1	1267777350
31	113	1	1270195947
31	115	1	1267528824
32	34	1	1283415597
32	35	1	1268989075
32	36	1	1265190084
32	37	1	1263376303
32	38	1	1262691740
32	39	1	1266480406
32	42	1	1267624340
32	44	1	1267603598
32	45	1	1262960578
32	46	1	1264752147
32	47	1	1270029112
32	50	1	1268121458
32	51	1	1265013901
32	52	1	1262953612
32	54	1	1271773595
32	59	1	1265802978
32	62	1	1271062687
32	66	1	1263284192
32	67	1	1267433012
32	70	1	1263295148
32	71	1	1265977237
32	77	1	1264071161
32	80	1	1266394953
32	83	1	1263817565
32	86	1	1266571356
32	87	1	1262602105
32	89	1	1264751535
32	94	1	1274706527
32	95	1	1270714111
32	97	1	1262612500
32	100	1	1277361699
32	103	1	1264507563
32	104	1	1263197305
32	105	1	1262953612
32	112	1	1262764615
32	113	1	1270195947
32	115	1	1285320044
32	117	1	1265883959
32	128	1	1285842612
32	138	1	1274269753
32	149	1	1284038916
33	34	1	1262759432
33	35	1	1268989075
33	37	1	1263376303
33	38	1	1264062077
33	42	1	1262602430
33	43	1	1266226535
33	45	1	1262960578
33	46	1	1262612170
33	47	1	1270029112
33	48	1	1281516092
33	54	1	1262687857
33	56	1	1265193625
33	58	1	1262612170
33	60	1	1274112909
33	61	1	1262590820
33	62	1	1262592390
33	63	1	1263811302
33	64	1	1271934450
33	74	1	1285845560
33	83	1	1262689722
33	90	1	1275306993
33	93	1	1262612170
33	94	1	1268138212
33	96	1	1281011153
33	98	1	1264413515
33	104	1	1265193625
33	106	1	1265193625
33	113	1	1270195947
33	115	1	1285320044
33	117	1	1262778229
33	118	1	1262778229
33	130	1	1280999296
33	151	1	1278503107
34	35	1	1268989075
34	37	1	1263376303
34	38	1	1262604896
34	39	1	1267599521
34	45	1	1262960578
34	46	1	1272437954
34	47	1	1270029112
34	50	1	1264597939
34	51	1	1283261758
34	52	1	1280916465
34	68	1	1267783345
34	71	1	1264489494
34	73	1	1268119057
34	83	1	1265272489
34	87	1	1265363638
34	98	1	1265272341
34	103	1	1263218524
34	104	1	1271254745
34	112	1	1272955393
34	113	1	1270195947
34	115	1	1285320044
35	36	1	1268989075
35	37	1	1263376303
35	38	1	1264062077
35	39	1	1268989075
35	40	1	1268989075
35	41	1	1268989075
35	42	1	1266242344
35	43	1	1268989075
35	44	1	1268989075
35	45	1	1262960578
35	46	1	1264752147
35	47	1	1268989075
35	48	1	1268989075
35	49	1	1268989075
35	50	1	1263453936
35	51	1	1262693725
35	52	1	1268989075
35	53	1	1263200446
35	54	1	1268989075
35	55	1	1268989075
35	56	1	1268989075
35	57	1	1268989075
35	58	1	1268989075
35	59	1	1268989075
35	60	1	1268989075
35	61	1	1268989075
35	62	1	1262592390
35	63	1	1268989075
35	64	1	1266241635
35	65	1	1268989075
35	66	1	1268989075
35	67	1	1268989075
35	68	1	1268989075
35	69	1	1268989075
35	70	1	1268989075
35	71	1	1268989075
35	72	1	1268989075
35	73	1	1268989075
35	74	1	1268989075
35	75	1	1268989075
35	76	1	1268989075
35	77	1	1268989075
35	78	1	1268989075
35	79	1	1268989075
35	80	1	1268989075
35	81	1	1262854122
35	82	1	1268989075
35	83	1	1263294835
35	84	1	1265973302
35	85	1	1267172601
35	86	1	1263383971
35	87	1	1268989075
35	88	1	1268989075
35	89	1	1268989075
35	90	1	1268989075
35	91	1	1268989075
35	93	1	1268989075
35	94	1	1268989075
35	95	1	1268989075
35	96	1	1268989075
35	98	1	1268989075
35	99	1	1268989075
35	100	1	1268989075
35	101	1	1268989075
35	102	1	1268989075
35	103	1	1268989075
35	104	1	1268989075
35	105	1	1268989075
35	106	1	1268989075
35	107	1	1268989075
35	108	1	1268989075
35	109	1	1268989075
35	110	1	1268989075
35	112	1	1268989075
35	113	1	1263817630
35	115	1	1268989075
35	116	1	1268989075
35	117	1	1268989075
35	118	1	1268989075
35	119	1	1268989075
35	120	1	1268989075
35	121	1	1268989075
35	122	1	1268989075
35	123	1	1268989075
35	124	1	1268989075
35	125	1	1268989075
35	126	1	1268989075
35	128	1	1268989075
35	129	1	1268989075
35	130	1	1268989075
35	133	1	1268989075
35	136	1	1268129345
35	149	1	1268989075
35	151	1	1268989075
36	37	1	1262588121
36	38	1	1262588508
36	39	1	1263547610
36	44	1	1265799950
36	45	1	1262960578
36	46	1	1263200356
36	47	1	1268905121
36	53	1	1277456512
36	57	1	1277380282
36	59	1	1283850851
36	69	1	1282226330
36	70	1	1262869388
36	72	1	1267432679
36	80	1	1268744805
36	83	1	1263370433
36	86	1	1283425763
36	87	1	1263459969
36	90	1	1263561345
36	103	1	1263375950
36	112	1	1264749965
36	113	1	1270195947
36	115	1	1285320044
36	117	1	1266220905
36	149	1	1264594290
36	150	1	1264418419
37	38	1	1262702978
37	39	1	1263376303
37	40	1	1263376303
37	41	1	1263376303
37	42	1	1262780082
37	43	1	1263376303
37	44	1	1263376303
37	45	1	1262960578
37	46	1	1263200356
37	47	1	1263376303
37	48	1	1263376303
37	49	1	1263376303
37	50	1	1263376303
37	51	1	1263376303
37	52	1	1263376303
37	53	1	1263376303
37	54	1	1263376303
37	55	1	1263376303
37	56	1	1263376303
37	57	1	1263376303
37	58	1	1263376303
37	59	1	1263376303
37	60	1	1263376303
37	61	1	1263376303
37	62	1	1263376303
37	63	1	1262614432
37	64	1	1263376303
37	65	1	1263376303
37	66	1	1263376303
37	67	1	1263376303
37	68	1	1263376303
37	69	1	1263376303
37	70	1	1263376303
37	71	1	1263376303
37	72	1	1263219637
37	73	1	1263376303
37	74	1	1263376303
37	75	1	1263376303
37	76	1	1263376303
37	77	1	1263376303
37	78	1	1263376303
37	79	1	1263376303
37	80	1	1263376303
37	81	1	1263376303
37	82	1	1263376303
37	83	1	1263370433
37	84	1	1263376303
37	85	1	1263376303
37	86	1	1263376303
37	87	1	1263376303
37	88	1	1263376303
37	89	1	1263376303
37	90	1	1263376303
37	91	1	1263376303
37	92	1	1263376303
37	93	1	1263376303
37	94	1	1263376303
37	95	1	1263376303
37	96	1	1263376303
37	97	1	1263376303
37	98	1	1263376303
37	99	1	1263376303
37	100	1	1263376303
37	101	1	1263376303
37	102	1	1263376303
37	103	1	1263375950
37	104	1	1263376303
37	105	1	1263376303
37	106	1	1263376303
37	107	1	1263376303
37	108	1	1263376303
37	109	1	1263376303
37	110	1	1263376303
37	111	1	1263376303
37	112	1	1263376303
37	113	1	1263376303
37	114	1	1263376303
37	115	1	1263376303
37	116	1	1263376303
37	117	1	1263376303
37	118	1	1263376303
37	119	1	1263376303
37	120	1	1263376303
37	121	1	1263376303
37	122	1	1263376303
37	123	1	1263376303
37	124	1	1263376303
37	125	1	1263376303
37	126	1	1263376303
37	127	1	1263376303
37	128	1	1263376303
37	129	1	1263376303
37	130	1	1263376303
37	131	1	1263376303
37	132	1	1263376303
37	133	1	1263376303
37	134	1	1263376303
37	135	1	1263376303
37	136	1	1263376303
37	149	1	1271163925
38	39	1	1262695944
38	40	1	1264062077
38	41	1	1264062077
38	42	1	1263887208
38	43	1	1264062077
38	44	1	1263293654
38	45	1	1262960578
38	46	1	1264062077
38	47	1	1264062077
38	48	1	1264062077
38	49	1	1264062077
38	50	1	1263903307
38	51	1	1264062077
38	52	1	1264062077
38	53	1	1264062077
38	54	1	1264062077
38	55	1	1264062077
38	56	1	1262790490
38	57	1	1264062077
38	58	1	1264062077
38	59	1	1264062077
38	60	1	1264062077
38	61	1	1264062077
38	62	1	1262604947
38	63	1	1262777839
38	64	1	1263822415
38	65	1	1264062077
38	66	1	1262771294
38	67	1	1262633423
38	68	1	1262790490
38	69	1	1262790490
38	70	1	1262869388
38	71	1	1264062077
38	72	1	1262789388
38	73	1	1264062077
38	74	1	1264062077
38	75	1	1264062077
38	76	1	1264062077
38	77	1	1262603885
38	78	1	1264062077
38	79	1	1264062077
38	80	1	1262594521
38	81	1	1264062077
38	82	1	1264062077
38	83	1	1263976515
38	84	1	1264062077
38	85	1	1264062077
38	86	1	1264062077
38	87	1	1264062077
38	88	1	1264062077
38	89	1	1264062077
38	90	1	1264062077
38	91	1	1264062077
38	92	1	1264062077
38	93	1	1264062077
38	94	1	1264062077
38	95	1	1264062077
38	96	1	1264062077
38	97	1	1264062077
38	98	1	1264062077
38	99	1	1264062077
38	100	1	1264062077
38	101	1	1264062077
38	102	1	1264062077
38	103	1	1264062077
38	104	1	1264062077
38	105	1	1264062077
38	106	1	1264062077
38	107	1	1264062077
38	108	1	1264062077
38	109	1	1264062077
38	110	1	1264062077
38	111	1	1264062077
38	112	1	1264062077
38	113	1	1264062077
38	114	1	1264062077
38	115	1	1264062077
38	116	1	1264062077
38	117	1	1264062077
38	118	1	1264062077
38	119	1	1264062077
38	120	1	1264062077
38	121	1	1264062077
38	122	1	1264062077
38	123	1	1264062077
38	124	1	1264062077
38	125	1	1264778438
38	126	1	1264062077
38	127	1	1264062077
38	128	1	1264062077
38	129	1	1264062077
38	130	1	1264062077
38	131	1	1264062077
38	132	1	1264062077
38	133	1	1264062077
38	134	1	1264062077
38	135	1	1264062077
38	136	1	1264062077
38	138	1	1274269753
38	144	1	1263061969
38	149	1	1263999696
38	151	1	1264778438
39	42	1	1265182413
39	45	1	1262960578
39	46	1	1264752147
39	47	1	1270029112
39	50	1	1264166724
39	51	1	1268058158
39	53	1	1279548572
39	54	1	1262784752
39	56	1	1270642022
39	62	1	1262604947
39	66	1	1263801345
39	68	1	1271937105
39	73	1	1268119905
39	77	1	1262603885
39	81	1	1265355633
39	83	1	1279113353
39	90	1	1275306993
39	100	1	1277361699
39	112	1	1264497604
39	113	1	1263809695
39	115	1	1267528824
39	117	1	1271330667
39	119	1	1262942812
39	120	1	1262942812
39	122	1	1262942812
40	41	1	1263372560
40	42	1	1273146267
40	43	1	1280927055
40	45	1	1262960578
40	47	1	1263996595
40	48	1	1276770535
40	49	1	1263551783
40	50	1	1263377268
40	51	1	1276248278
40	52	1	1277452127
40	53	1	1263806110
40	58	1	1283498867
40	59	1	1271250365
40	61	1	1263449179
40	65	1	1271399414
40	66	1	1276248278
40	67	1	1276177134
40	68	1	1272358237
40	69	1	1271771713
40	70	1	1262869297
40	71	1	1280750306
40	72	1	1272010414
40	73	1	1272010414
40	74	1	1272010414
40	75	1	1264054174
40	76	1	1263371197
40	78	1	1272619643
40	81	1	1269849521
40	82	1	1263551783
40	84	1	1262792414
40	86	1	1262613470
40	93	1	1267007370
40	94	1	1278578514
40	96	1	1279782785
40	101	1	1267007370
40	106	1	1267530305
40	113	1	1270195947
40	117	1	1283498867
40	121	1	1269853382
40	124	1	1263557976
41	42	1	1273146267
41	45	1	1262960578
41	46	1	1264752147
41	47	1	1270029112
41	50	1	1263208382
41	53	1	1273565743
41	60	1	1281528868
41	69	1	1273752696
41	81	1	1262777202
41	86	1	1263979359
41	93	1	1266571675
41	113	1	1270195947
41	115	1	1285320044
42	43	1	1262588676
42	44	1	1262588796
42	45	1	1262960578
42	46	1	1264752147
42	47	1	1270029112
42	49	1	1262589248
42	50	1	1282046643
42	51	1	1282132322
42	52	1	1273146267
42	53	1	1273475077
42	54	1	1276505559
42	55	1	1262590037
42	58	1	1270131244
42	59	1	1270131244
42	60	1	1266242298
42	61	1	1273146267
42	62	1	1262590932
42	63	1	1262613472
42	64	1	1262613472
42	65	1	1275381451
42	66	1	1266217813
42	67	1	1266217813
42	68	1	1267166483
42	69	1	1267166483
42	70	1	1263295207
42	71	1	1263198998
42	72	1	1271764550
42	73	1	1271764550
42	74	1	1271764550
42	76	1	1271764550
42	77	1	1265027501
42	79	1	1262780000
42	80	1	1262772815
42	82	1	1265275981
42	84	1	1262596566
42	85	1	1268654302
42	86	1	1271764550
42	87	1	1262780000
42	90	1	1264765162
42	91	1	1270131244
42	93	1	1270131244
42	94	1	1266398447
42	95	1	1264412759
42	96	1	1282046643
42	98	1	1262780082
42	100	1	1262674334
42	104	1	1270131244
42	110	1	1265012285
42	111	1	1266519987
42	112	1	1262698598
42	113	1	1265182413
42	115	1	1268129304
42	117	1	1273146267
42	120	1	1273146267
42	151	1	1266319958
43	44	1	1267176758
43	45	1	1262605341
43	46	1	1264752147
43	47	1	1270029112
43	49	1	1264491938
43	50	1	1268121458
43	54	1	1265271400
43	56	1	1283769559
43	57	1	1264750333
43	58	1	1263196688
43	59	1	1268210456
43	63	1	1265268005
43	64	1	1263203349
43	69	1	1281092567
43	79	1	1262593865
43	80	1	1265286083
43	81	1	1263291449
43	82	1	1282734181
43	87	1	1265713488
43	90	1	1264765162
43	94	1	1268311364
43	95	1	1263291710
43	98	1	1264750458
43	100	1	1264488470
43	112	1	1277364468
43	113	1	1270195947
43	115	1	1264764689
43	117	1	1267175731
43	151	1	1271242911
44	45	1	1262960578
44	46	1	1264752147
44	47	1	1270029112
44	48	1	1280388464
44	50	1	1268121458
44	53	1	1268221627
44	56	1	1268296027
44	59	1	1263480654
44	63	1	1262604900
44	65	1	1263910059
44	66	1	1266581004
44	67	1	1264579445
44	68	1	1266231108
44	69	1	1265976090
44	74	1	1280410632
44	76	1	1265976090
44	79	1	1263476496
44	80	1	1263369442
44	81	1	1263462409
44	84	1	1263896624
44	85	1	1280388464
44	86	1	1265976090
44	87	1	1272542246
44	88	1	1265976090
44	89	1	1265976090
44	90	1	1284644320
44	91	1	1265113970
44	94	1	1263468555
44	95	1	1263834928
44	104	1	1265715668
44	112	1	1264144877
44	113	1	1270195947
44	115	1	1264777112
44	123	1	1265028158
44	125	1	1282728708
44	149	1	1272354324
44	151	1	1275466978
45	46	1	1262960578
45	47	1	1262960578
45	48	1	1262960578
45	49	1	1262960578
45	50	1	1262960578
45	51	1	1262960578
45	52	1	1262960578
45	53	1	1262960578
45	54	1	1262960578
45	55	1	1262960578
45	56	1	1262960578
45	57	1	1262960578
45	58	1	1262960578
45	59	1	1262960578
45	60	1	1262960578
45	61	1	1262960578
45	62	1	1262613638
45	63	1	1262603374
45	64	1	1262960578
45	65	1	1262960578
45	66	1	1262960578
45	67	1	1262960578
45	68	1	1262960578
45	69	1	1262960578
45	70	1	1262960578
45	71	1	1262960578
45	72	1	1262960578
45	73	1	1262960578
45	74	1	1262960578
45	75	1	1262960578
45	76	1	1262960578
45	77	1	1262960578
45	78	1	1262960578
45	79	1	1262960578
45	80	1	1262772815
45	81	1	1262960578
45	82	1	1262960578
45	83	1	1262960578
45	84	1	1262960578
45	85	1	1262960578
45	86	1	1262960578
45	87	1	1262960578
45	88	1	1262960578
45	89	1	1262960578
45	90	1	1262960578
45	91	1	1262960578
45	92	1	1262960578
45	93	1	1262960578
45	94	1	1262960578
45	95	1	1262960578
45	96	1	1262960578
45	97	1	1262960578
45	98	1	1262960578
45	99	1	1262960578
45	100	1	1262960578
45	101	1	1262960578
45	102	1	1262960578
45	103	1	1262960578
45	104	1	1262960578
45	105	1	1262960578
45	106	1	1262960578
45	107	1	1262960578
45	108	1	1262960578
45	109	1	1262960578
45	110	1	1262960578
45	111	1	1262960578
45	112	1	1262960578
45	113	1	1262960578
45	114	1	1262960578
45	115	1	1262960578
45	116	1	1262960578
45	117	1	1262960578
45	118	1	1262960578
45	119	1	1262960578
45	120	1	1262960578
45	121	1	1262960578
45	122	1	1262960578
45	123	1	1262960578
45	124	1	1262960578
45	125	1	1262960578
45	126	1	1262960578
45	127	1	1262960578
45	128	1	1262960578
45	129	1	1262960578
45	130	1	1262960578
45	131	1	1262960578
45	132	1	1262960578
45	133	1	1262960578
45	134	1	1262960578
45	135	1	1262960578
45	136	1	1262960578
45	151	1	1266236714
46	47	1	1264752147
46	49	1	1264752147
46	50	1	1264752147
46	51	1	1277899054
46	52	1	1264752147
46	53	1	1264752147
46	56	1	1264752147
46	57	1	1264752147
46	58	1	1262945459
46	59	1	1264752147
46	61	1	1264752147
46	64	1	1264752147
46	69	1	1264752147
46	70	1	1264752147
46	71	1	1264752147
46	72	1	1264752147
46	73	1	1264752147
46	75	1	1264752147
46	77	1	1264752147
46	81	1	1264752147
46	83	1	1264752147
46	84	1	1264752147
46	85	1	1264752147
46	87	1	1264752147
46	92	1	1264752147
46	93	1	1264752147
46	94	1	1268138212
46	95	1	1264752147
46	96	1	1264752147
46	97	1	1264752147
46	98	1	1264413515
46	100	1	1264752147
46	101	1	1264750771
46	102	1	1264752147
46	103	1	1264752147
46	105	1	1266493989
46	106	1	1264752147
46	107	1	1264752147
46	108	1	1264752147
46	109	1	1264752147
46	110	1	1264752147
46	112	1	1264749965
46	113	1	1270195947
46	115	1	1264752147
46	118	1	1264752147
46	119	1	1264752147
46	123	1	1264752147
46	124	1	1264752147
46	125	1	1264752147
46	126	1	1264752147
46	127	1	1264752147
46	128	1	1264752147
46	129	1	1264752147
46	130	1	1264752147
47	48	1	1262589167
47	49	1	1270029112
47	50	1	1262594161
47	51	1	1270029112
47	52	1	1267183654
47	53	1	1265099174
47	54	1	1270029112
47	55	1	1263214587
47	56	1	1265290450
47	57	1	1270029112
47	58	1	1270029112
47	59	1	1262690186
47	60	1	1270029112
47	61	1	1270029112
47	62	1	1270029112
47	63	1	1270029112
47	64	1	1270029112
47	65	1	1265968212
47	66	1	1270029112
47	67	1	1270029112
47	68	1	1262771279
47	69	1	1265024777
47	70	1	1263295148
47	71	1	1270029112
47	72	1	1270029112
47	73	1	1270029112
47	74	1	1270029112
47	75	1	1263996595
47	76	1	1266481423
47	77	1	1270029112
47	78	1	1270029112
47	79	1	1269331797
47	80	1	1270029112
47	81	1	1264087563
47	82	1	1270029112
47	83	1	1270029112
47	84	1	1265709854
47	85	1	1264428858
47	86	1	1267191323
47	87	1	1270029112
47	88	1	1270029112
47	89	1	1264751535
47	90	1	1263210185
47	91	1	1270029112
47	93	1	1266401266
47	94	1	1262959457
47	95	1	1270029112
47	96	1	1270029112
47	98	1	1270029112
47	99	1	1270029112
47	100	1	1270029112
47	101	1	1266401266
47	102	1	1270029112
47	103	1	1270029112
47	104	1	1270029112
47	105	1	1270029112
47	106	1	1270029112
47	107	1	1270029112
47	108	1	1270029112
47	109	1	1270029112
47	110	1	1270029112
47	112	1	1264749965
47	113	1	1270029112
47	115	1	1270029112
47	116	1	1270029112
47	117	1	1270029112
47	118	1	1270029112
47	119	1	1270029112
47	120	1	1270029112
47	121	1	1270029112
47	122	1	1270029112
47	123	1	1270029112
47	124	1	1270029112
47	125	1	1270029112
47	126	1	1270029112
47	128	1	1270029112
47	129	1	1270029112
47	130	1	1270029112
47	133	1	1270029112
47	136	1	1270029112
47	138	1	1263049062
47	149	1	1270029112
47	151	1	1270029112
47	167	1	1285244700
48	49	1	1281525923
48	50	1	1262861833
48	53	1	1262687417
48	55	1	1264753613
48	56	1	1262684044
48	58	1	1264754960
48	59	1	1262690186
48	63	1	1281518644
48	67	1	1281516157
48	68	1	1262593875
48	69	1	1265288537
48	70	1	1262868042
48	71	1	1266571371
48	75	1	1264427935
48	78	1	1264754960
48	79	1	1272277896
48	81	1	1266329889
48	82	1	1264754312
48	84	1	1265709854
48	85	1	1262696237
48	86	1	1264754960
48	89	1	1263293044
48	90	1	1264754960
48	93	1	1265187171
48	94	1	1262959457
48	95	1	1268127072
48	99	1	1263914248
48	101	1	1270117207
48	104	1	1271254745
48	113	1	1270195947
48	115	1	1285320044
48	124	1	1284540798
49	50	1	1263561664
49	53	1	1273067477
49	63	1	1269525285
49	65	1	1278659365
49	69	1	1282036768
49	70	1	1262869151
49	75	1	1268900232
49	76	1	1269439038
49	82	1	1264418324
49	84	1	1268398144
49	86	1	1262709368
49	89	1	1281520267
49	98	1	1274174422
49	101	1	1264750771
49	105	1	1265199243
49	113	1	1270195947
49	115	1	1285320044
50	51	1	1263453936
50	52	1	1263208382
50	53	1	1262872651
50	54	1	1262764454
50	55	1	1262589564
50	56	1	1268054331
50	57	1	1267016579
50	58	1	1268121458
50	59	1	1268121458
50	61	1	1268121458
50	63	1	1283761434
50	65	1	1262590990
50	66	1	1263302564
50	68	1	1262594661
50	69	1	1263893963
50	70	1	1263288503
50	72	1	1270116697
50	74	1	1273764909
50	75	1	1262592242
50	76	1	1262599329
50	77	1	1264770736
50	78	1	1266501823
50	81	1	1264603478
50	82	1	1262770855
50	83	1	1268121458
50	84	1	1263216316
50	85	1	1268121458
50	86	1	1262872901
50	87	1	1268121458
50	90	1	1265285162
50	91	1	1262684091
50	93	1	1266330937
50	96	1	1270118090
50	98	1	1268121458
50	101	1	1263802767
50	102	1	1268121458
50	103	1	1268145560
50	105	1	1265199243
50	107	1	1268121458
50	108	1	1267801017
50	109	1	1272270759
50	110	1	1268245620
50	111	1	1266519990
50	112	1	1269949106
50	113	1	1270195947
50	115	1	1267528824
50	119	1	1268121458
50	121	1	1273841750
50	122	1	1272622146
50	123	1	1268121458
50	124	1	1263558061
50	125	1	1268121458
50	126	1	1268121458
50	151	1	1268734567
51	53	1	1275382344
51	60	1	1274112321
51	62	1	1283422292
51	63	1	1279104553
51	77	1	1265791421
51	81	1	1280473161
51	113	1	1270195947
51	165	1	1274790355
52	53	1	1263212326
52	66	1	1279185625
52	83	1	1277366658
52	86	1	1270642871
52	90	1	1275306993
52	103	1	1262684584
52	105	1	1262692585
52	113	1	1270195947
52	115	1	1285320044
53	54	1	1279536292
53	59	1	1273566070
53	66	1	1274368996
53	68	1	1262775782
53	69	1	1263211213
53	70	1	1262689203
53	71	1	1263992387
53	74	1	1278070130
53	75	1	1265375978
53	76	1	1262684543
53	77	1	1274355213
53	81	1	1265205449
53	84	1	1262783305
53	86	1	1262689245
53	93	1	1274340987
53	94	1	1264514435
53	101	1	1274340987
53	102	1	1272017683
53	105	1	1265199243
53	113	1	1270195947
53	115	1	1285320044
53	122	1	1281619044
53	124	1	1274340987
53	153	1	1267976409
54	56	1	1262602059
54	58	1	1262945459
54	61	1	1262699719
54	62	1	1277118012
54	66	1	1272292636
54	67	1	1272367413
54	71	1	1277303898
54	73	1	1267794360
54	74	1	1265204705
54	76	1	1280401738
54	81	1	1263896903
54	83	1	1265272489
54	86	1	1285342044
54	88	1	1262784752
54	93	1	1272537496
54	96	1	1262784752
54	101	1	1272537496
54	113	1	1270195947
54	117	1	1263370908
54	119	1	1262784752
54	120	1	1262784752
54	124	1	1276773856
55	56	1	1262589505
55	57	1	1264750333
55	68	1	1267098985
55	76	1	1275387379
55	81	1	1284384921
55	85	1	1285775657
55	88	1	1265365206
55	94	1	1268138212
55	101	1	1268120741
55	107	1	1267111587
55	113	1	1270195947
55	115	1	1285320044
56	57	1	1264750333
56	58	1	1275898510
56	59	1	1262690186
56	61	1	1262692521
56	65	1	1265895874
56	66	1	1268659556
56	67	1	1265895874
56	68	1	1262765814
56	69	1	1263475755
56	70	1	1263819818
56	71	1	1263974612
56	72	1	1263288126
56	73	1	1272358176
56	75	1	1270046490
56	76	1	1271769963
56	77	1	1269958990
56	80	1	1276081505
56	81	1	1262689660
56	82	1	1265196645
56	83	1	1274861282
56	84	1	1264066885
56	85	1	1266831685
56	86	1	1263567426
56	87	1	1265018723
56	88	1	1262680043
56	89	1	1263293044
56	90	1	1264158516
56	93	1	1272957731
56	94	1	1262855945
56	95	1	1268127072
56	96	1	1262692521
56	100	1	1264488470
56	101	1	1265201312
56	104	1	1284975341
56	107	1	1275032747
56	113	1	1270195947
56	115	1	1267528824
56	117	1	1266219867
57	63	1	1264595667
57	69	1	1273753646
57	71	1	1263193407
57	76	1	1265184639
57	79	1	1264052164
57	81	1	1283765483
57	82	1	1264754312
57	84	1	1264600396
57	86	1	1262599668
57	88	1	1263813435
57	89	1	1264750333
57	93	1	1265272616
57	94	1	1265032036
57	98	1	1264750333
57	99	1	1264750333
57	100	1	1277361699
57	101	1	1264416281
57	102	1	1264750333
57	104	1	1262701063
57	107	1	1264750333
57	108	1	1264750333
57	109	1	1264750333
57	110	1	1264750333
57	111	1	1264750333
57	112	1	1264749965
57	113	1	1270195947
57	115	1	1285320044
57	130	1	1274177945
57	139	1	1263049111
57	162	1	1272931989
58	59	1	1283410873
58	65	1	1285753868
58	71	1	1268207802
58	73	1	1264410568
58	74	1	1283181624
58	82	1	1282734181
58	83	1	1262945459
58	90	1	1275306993
58	94	1	1263908922
58	95	1	1263196688
58	98	1	1264750458
58	104	1	1265286051
58	106	1	1262945459
58	109	1	1272270759
58	112	1	1264749965
58	113	1	1270195947
58	115	1	1268129304
58	117	1	1262945459
58	118	1	1264410568
58	121	1	1283513836
58	151	1	1268734567
59	62	1	1262604947
59	63	1	1263816660
59	64	1	1264432322
59	65	1	1262776107
59	66	1	1262696156
59	67	1	1262690186
59	68	1	1262690186
59	69	1	1262604206
59	72	1	1262615091
59	74	1	1270031127
59	76	1	1262690186
59	79	1	1263552748
59	80	1	1262861646
59	81	1	1274266493
59	83	1	1266497466
59	84	1	1262690186
59	85	1	1262690186
59	86	1	1262690186
59	88	1	1262690186
59	89	1	1262690186
59	90	1	1264779865
59	94	1	1262690186
59	95	1	1262868753
59	104	1	1263196854
59	112	1	1263552748
59	113	1	1270195947
59	115	1	1267528824
59	117	1	1283781428
59	123	1	1263552748
59	146	1	1263065790
59	149	1	1266572050
60	62	1	1274112321
60	64	1	1266241635
60	66	1	1267613107
60	77	1	1268227080
60	80	1	1267520410
60	83	1	1273138635
60	100	1	1277361699
60	104	1	1263197305
60	113	1	1265293118
60	117	1	1280772218
61	71	1	1285245476
61	83	1	1264499722
61	88	1	1262610158
61	96	1	1262609274
61	106	1	1283411330
61	113	1	1270195947
61	115	1	1285320044
61	117	1	1283266435
61	121	1	1272013637
62	63	1	1262590932
62	64	1	1262590932
62	66	1	1271681519
62	68	1	1262604947
62	69	1	1262604947
62	70	1	1263295148
62	71	1	1263302872
62	72	1	1262604947
62	77	1	1267449874
62	79	1	1262604947
62	80	1	1262604947
62	81	1	1268305400
62	83	1	1265798798
62	87	1	1282038365
62	90	1	1284564203
62	91	1	1262604947
62	98	1	1263383009
62	112	1	1264503668
62	113	1	1262939267
62	115	1	1267528824
63	64	1	1263194588
63	68	1	1263810778
63	69	1	1264160046
63	70	1	1263295207
63	71	1	1266563958
63	74	1	1263459984
63	75	1	1264596877
63	80	1	1262772815
63	82	1	1265275981
63	83	1	1262612197
63	84	1	1280324812
63	87	1	1265111705
63	91	1	1262684365
63	94	1	1281518644
63	98	1	1262849099
63	100	1	1264488595
63	104	1	1271254745
63	110	1	1265012286
63	111	1	1266519988
63	112	1	1269422767
63	113	1	1270195947
63	115	1	1280237991
63	118	1	1275387721
63	122	1	1271340290
63	125	1	1277907362
63	133	1	1281518644
63	151	1	1267773302
64	65	1	1264412502
64	66	1	1262696549
64	67	1	1262599224
64	68	1	1262682323
64	69	1	1262683972
64	70	1	1266241635
64	72	1	1263394515
64	80	1	1262690669
64	84	1	1271764062
64	90	1	1262782001
64	91	1	1262684538
64	100	1	1264488595
64	112	1	1264497272
64	113	1	1262868526
64	115	1	1265979649
64	158	1	1271766218
65	68	1	1262883065
65	69	1	1264088244
65	71	1	1280134010
65	72	1	1262786424
65	73	1	1268998418
65	74	1	1262606900
65	76	1	1266826232
65	79	1	1262871206
65	80	1	1277993860
65	86	1	1268921446
65	90	1	1265290319
65	92	1	1262772419
65	94	1	1262763428
65	95	1	1263546593
65	98	1	1267540144
65	104	1	1265801248
65	112	1	1264074302
65	113	1	1270195947
65	117	1	1285752254
65	123	1	1268734564
66	67	1	1262612050
66	68	1	1262883065
66	69	1	1268304496
66	72	1	1277463806
66	76	1	1268730138
66	77	1	1262603885
66	80	1	1262768282
66	81	1	1268305400
66	82	1	1283418298
66	83	1	1263810314
66	84	1	1263896624
66	85	1	1276028932
66	86	1	1268734239
66	90	1	1265029272
66	91	1	1266581004
66	100	1	1280307696
66	104	1	1283153377
66	113	1	1270195947
66	115	1	1264667105
66	117	1	1284044176
67	68	1	1262883065
67	69	1	1264088244
67	72	1	1262763893
67	74	1	1280225790
67	75	1	1274274224
67	77	1	1266498966
67	79	1	1285239079
67	80	1	1262768282
67	83	1	1262950747
67	84	1	1267525314
67	85	1	1266842398
67	86	1	1268748626
67	90	1	1263466133
67	91	1	1271148863
67	94	1	1269959415
67	100	1	1279633289
67	113	1	1270195947
67	115	1	1262769548
67	117	1	1274701420
68	69	1	1262854831
68	70	1	1262868042
68	72	1	1262883065
68	74	1	1262595683
68	75	1	1270046490
68	76	1	1276159868
68	77	1	1266490428
68	80	1	1262772815
68	81	1	1264499641
68	84	1	1263468947
68	85	1	1262596760
68	86	1	1262689206
68	88	1	1267006047
68	90	1	1262873300
68	92	1	1262883065
68	93	1	1284646811
68	94	1	1262959457
68	100	1	1267631723
68	112	1	1264590564
68	113	1	1270195947
68	115	1	1265103589
68	117	1	1283441693
68	145	1	1263065781
68	154	1	1271766200
68	166	1	1274705736
69	70	1	1269420230
69	71	1	1280230359
69	72	1	1262854831
69	73	1	1266332213
69	74	1	1266332213
69	75	1	1270046490
69	76	1	1262606354
69	77	1	1266490130
69	79	1	1265804021
69	80	1	1262772815
69	81	1	1278930968
69	84	1	1262605749
69	85	1	1282573788
69	86	1	1262596627
69	88	1	1262769945
69	89	1	1264081405
69	90	1	1263293770
69	93	1	1285246912
69	94	1	1262959457
69	95	1	1262609145
69	99	1	1273149943
69	100	1	1264488595
69	101	1	1279878420
69	112	1	1264590013
69	113	1	1270195947
69	115	1	1267528824
69	123	1	1277297976
69	124	1	1285246912
70	73	1	1263295148
70	74	1	1263295148
70	75	1	1262612516
70	76	1	1263465356
70	80	1	1263809269
70	82	1	1262869151
70	84	1	1266231055
70	85	1	1270105587
70	86	1	1262862819
70	87	1	1262869151
70	88	1	1264752739
70	89	1	1263819892
70	90	1	1264765162
70	93	1	1263460164
70	94	1	1267425516
70	95	1	1262869151
70	98	1	1264750458
70	104	1	1262869151
70	105	1	1263295148
70	109	1	1264752739
70	111	1	1262882174
70	112	1	1262869151
70	113	1	1270195947
70	115	1	1264764689
70	151	1	1270105587
71	72	1	1262603881
71	73	1	1263198556
71	74	1	1263287871
71	84	1	1264599373
71	94	1	1263812728
71	95	1	1266492602
71	104	1	1271942707
71	106	1	1265281350
71	107	1	1272494742
71	112	1	1264749965
71	113	1	1270195947
71	115	1	1271235282
71	117	1	1264160208
71	118	1	1285150863
71	151	1	1267007852
72	73	1	1262607402
72	74	1	1262606900
72	77	1	1276610233
72	80	1	1262772815
72	83	1	1280917200
72	85	1	1265108418
72	86	1	1268921446
72	90	1	1264602556
72	92	1	1262786424
72	94	1	1278578514
72	100	1	1277810050
72	104	1	1273751943
72	112	1	1264750522
72	113	1	1270195947
72	115	1	1262943371
72	117	1	1262938860
73	74	1	1267530176
73	80	1	1276675047
73	83	1	1277366658
73	94	1	1263812728
73	95	1	1264602031
73	98	1	1270117940
73	104	1	1266331031
73	106	1	1264599931
73	113	1	1270195947
73	115	1	1272364333
73	117	1	1281513066
73	120	1	1267693939
73	121	1	1279715680
73	133	1	1268290843
74	87	1	1262683102
74	90	1	1275306993
74	92	1	1262606900
74	94	1	1275487074
74	98	1	1270117940
74	104	1	1262684983
74	106	1	1268140504
74	113	1	1270195947
74	115	1	1285320044
74	117	1	1265976876
75	76	1	1263825381
75	82	1	1264594916
75	84	1	1264082217
75	85	1	1270046490
75	86	1	1262709368
75	88	1	1264079457
75	89	1	1263293044
75	90	1	1264765162
75	93	1	1270046490
75	98	1	1274174422
75	101	1	1270713012
75	105	1	1264596877
75	111	1	1266519988
75	113	1	1270195947
75	115	1	1268129304
75	124	1	1274279061
76	79	1	1283441061
76	81	1	1264074031
76	84	1	1262598755
76	85	1	1263983532
76	86	1	1263897070
76	88	1	1263805130
76	89	1	1263291968
76	90	1	1264068465
76	91	1	1281623082
76	93	1	1262606965
76	94	1	1262959457
76	101	1	1266399508
76	113	1	1270195947
76	115	1	1285320044
76	123	1	1262958104
76	124	1	1275484965
77	80	1	1267449496
77	81	1	1263385641
77	83	1	1268735684
77	86	1	1270729109
77	90	1	1266317013
77	100	1	1279288247
77	112	1	1262704339
77	113	1	1270195947
77	115	1	1267449202
77	117	1	1285167683
77	149	1	1282212349
78	113	1	1270195947
79	80	1	1262593897
79	83	1	1263976515
79	84	1	1267198816
79	85	1	1279040033
79	86	1	1266412414
79	87	1	1281519867
79	88	1	1285584036
79	89	1	1276765512
79	90	1	1284564203
79	92	1	1262871206
79	94	1	1262959457
79	95	1	1263898436
79	98	1	1270117940
79	104	1	1263910614
79	112	1	1268117888
79	113	1	1270195947
79	115	1	1285320044
79	123	1	1263375588
79	151	1	1283514781
80	84	1	1262877651
80	85	1	1265125803
80	86	1	1284470342
80	89	1	1277814936
80	90	1	1262871207
80	91	1	1262683845
80	94	1	1265814459
80	95	1	1267799722
80	100	1	1268046563
80	104	1	1262772815
80	112	1	1264495987
80	113	1	1270195947
80	115	1	1263302535
80	117	1	1284388617
80	143	1	1263059927
80	151	1	1265814459
80	157	1	1271766217
81	84	1	1263283282
81	85	1	1268838291
81	86	1	1266328477
81	88	1	1262782889
81	90	1	1275306993
81	93	1	1285152785
81	101	1	1276264877
81	113	1	1270195947
81	115	1	1285320044
81	117	1	1266577557
81	159	1	1272670493
82	84	1	1266942921
82	86	1	1264418324
82	89	1	1264751535
82	93	1	1264753978
82	98	1	1264750458
82	101	1	1264416281
82	108	1	1264754312
82	109	1	1262775299
82	110	1	1264754312
82	111	1	1266519987
82	113	1	1270195947
82	115	1	1282734181
82	130	1	1274258807
82	151	1	1264754312
83	86	1	1273677191
83	87	1	1263278968
83	90	1	1275306993
83	94	1	1262777488
83	96	1	1284967455
83	100	1	1277361699
83	103	1	1262685097
83	112	1	1265272489
83	113	1	1264679874
83	115	1	1267528824
83	117	1	1265272489
83	149	1	1283249732
84	85	1	1262596531
84	86	1	1262697570
84	88	1	1262697570
84	89	1	1262697570
84	90	1	1263293770
84	93	1	1262938892
84	94	1	1262942538
84	95	1	1273832901
84	99	1	1273149943
84	100	1	1264488595
84	101	1	1263224989
84	107	1	1276787000
84	108	1	1276787000
84	113	1	1270195947
84	115	1	1265103589
84	123	1	1264518027
84	148	1	1263065798
84	149	1	1268991481
84	151	1	1268652880
84	156	1	1271766216
84	160	1	1272670614
85	86	1	1266229220
85	90	1	1262873300
85	94	1	1262959457
85	99	1	1267166231
85	107	1	1267110253
85	113	1	1270195947
85	115	1	1268129304
86	88	1	1265112184
86	89	1	1266229220
86	90	1	1262689206
86	93	1	1262709368
86	94	1	1262876901
86	101	1	1262709368
86	102	1	1263393262
86	113	1	1270195947
86	115	1	1268742320
86	117	1	1263553903
86	123	1	1263823903
86	124	1	1274266771
86	142	1	1263058082
86	149	1	1268732905
87	90	1	1264765162
87	94	1	1268138212
87	95	1	1263202681
87	98	1	1264750458
87	104	1	1281519867
87	112	1	1281519867
87	113	1	1270195947
87	115	1	1265701674
87	151	1	1281519867
88	89	1	1262769945
88	90	1	1264765162
88	93	1	1263305079
88	94	1	1262959457
88	96	1	1262610158
88	101	1	1267085216
88	105	1	1264597098
88	113	1	1270195947
88	115	1	1285320044
88	130	1	1272017701
89	93	1	1264751535
89	94	1	1262959457
89	95	1	1264412759
89	98	1	1264750458
89	113	1	1270195947
89	115	1	1285320044
89	130	1	1268142459
90	93	1	1264765162
90	94	1	1264765162
90	95	1	1264765162
90	98	1	1270117940
90	104	1	1265614865
90	105	1	1275306993
90	112	1	1264587044
90	113	1	1270195947
90	115	1	1263471469
90	117	1	1267790034
90	138	1	1274269753
90	151	1	1265729711
91	113	1	1270195947
92	94	1	1262763428
92	95	1	1264751613
92	116	1	1262772419
93	94	1	1265193212
93	95	1	1264412759
93	98	1	1264413515
93	99	1	1262622907
93	101	1	1262852369
93	102	1	1284115552
93	109	1	1265195052
93	110	1	1268245621
93	111	1	1266519991
93	112	1	1277364468
93	113	1	1270195947
93	115	1	1268129304
93	124	1	1263558012
93	151	1	1268734566
94	95	1	1263468555
94	98	1	1264415323
94	100	1	1266324598
94	104	1	1263468555
94	106	1	1265193212
94	107	1	1268138212
94	109	1	1263973446
94	112	1	1263468555
94	113	1	1270195947
94	115	1	1285320044
94	118	1	1268138212
94	123	1	1263468555
94	133	1	1264415323
94	151	1	1266324598
95	98	1	1264056517
95	104	1	1264412759
95	112	1	1264751613
95	113	1	1270195947
95	115	1	1268127072
95	117	1	1285234352
95	123	1	1263898436
96	113	1	1270195947
96	115	1	1285320044
96	121	1	1270209932
97	137	1	1263042251
98	100	1	1262674296
98	104	1	1270117940
98	109	1	1264750458
98	112	1	1270117940
98	113	1	1270195947
98	115	1	1264413515
98	123	1	1268987295
98	130	1	1264750458
98	133	1	1274174422
98	151	1	1264750458
99	101	1	1268120741
99	107	1	1267166231
99	108	1	1267801217
99	111	1	1266523715
99	113	1	1270195947
99	115	1	1285320044
100	113	1	1270195947
100	115	1	1264488470
100	149	1	1277361699
101	102	1	1277294160
101	109	1	1264416281
101	113	1	1270195947
101	122	1	1265107289
101	124	1	1264750771
101	130	1	1264750771
102	113	1	1270195947
102	159	1	1272670493
103	105	1	1262693349
103	113	1	1270195947
103	114	1	1262766954
103	115	1	1285320044
104	109	1	1262701063
104	112	1	1265270930
104	113	1	1270195947
104	115	1	1271254745
104	117	1	1264515025
104	123	1	1264415562
104	141	1	1263058025
104	151	1	1267695774
105	113	1	1270195947
105	115	1	1264764689
105	151	1	1274685455
106	113	1	1270195947
106	117	1	1264599931
106	121	1	1262862772
106	124	1	1273568760
106	130	1	1264410904
106	133	1	1267625055
107	110	1	1265012285
107	111	1	1266519987
107	113	1	1270195947
108	111	1	1266519061
108	113	1	1270195947
108	115	1	1285320044
109	110	1	1265012285
109	111	1	1266519987
109	113	1	1270195947
109	115	1	1285320044
110	113	1	1270195947
111	112	1	1266519986
112	113	1	1270195947
112	115	1	1277364468
112	119	1	1264749965
112	123	1	1265284128
112	125	1	1264749965
113	115	1	1267528824
113	116	1	1270195947
113	117	1	1270195947
113	118	1	1270195947
113	119	1	1270195947
113	120	1	1270195947
113	121	1	1270195947
113	122	1	1270195947
113	123	1	1270195947
113	124	1	1270195947
113	125	1	1270195947
113	126	1	1270195947
113	128	1	1270195947
113	129	1	1270195947
113	130	1	1270195947
113	133	1	1270195947
113	136	1	1270195947
113	149	1	1270195947
113	151	1	1270195947
115	117	1	1266219111
115	118	1	1285320044
115	119	1	1285320044
115	123	1	1268129304
115	124	1	1285320044
115	128	1	1285320044
115	129	1	1285320044
115	130	1	1285320044
115	149	1	1285320044
115	151	1	1282724871
117	151	1	1283176966
121	124	1	1265701254
122	140	1	1263053695
136	155	1	1271766207
146	147	1	1263065797
